4.079232267073255036e-01
-2.130763722570594432e-02
3.886033140368452266e-01
3.847865723369205404e-01
2.585551319772073087e-01
4.106090476125967559e-01
1.023826990356417749e-01
5.504141920684439693e-02
-1.431026723585772722e-02
-1.258306529663040518e-01
2.380139411722983767e-01
4.650000785913780549e-02
2.481504399626193944e-02
-2.073988347200622639e-02
-1.426652709914781048e-01
-1.232330585041149507e-01
-1.587098504285737732e-01
-7.731104867810893733e-02
-5.927884075304876155e-02
-8.163993675604448719e-02
-1.042860686383228624e-01
-9.892133290061906614e-02
-1.408283938883069355e-03
1.902833841378524446e-02
3.198122352279288427e-01
2.389495127190656154e-01
-2.317623537679323331e-01
2.937448327957744021e-01
-4.125833056553902117e-02
2.837437262009714356e-01
-1.034215066667540095e-01
-2.264178897427127912e-01
2.409433055432528073e-02
7.977739976315952886e-01
-7.882520693578476401e-02
-5.727889090056276222e-01
-1.292721603870576053e-01
-1.144345306434719906e-01
-1.571382591998340406e-01
-9.420604562013866826e-03
-2.317067475878935648e-02
3.775194327540675743e-01
-9.148815661044927550e-02
-1.569182923233752025e-01
-1.206205829245174527e-01
-2.762963793664945378e-01
-6.854203718759122044e-02
3.323373689624675720e-01
4.886728406736925989e-02
4.566784931981866802e-02
3.987077245345416188e-02
-3.477509173396865771e-02
-1.433059750784719533e-01
7.206519821012677962e-01
-3.445163657080717035e-01
-1.487867560333433758e-01
-4.043197851240042384e-01
-2.533987607230760442e-01
2.198891757505246625e-01
-5.055531432754501592e-02
3.032082290075382991e-02
-1.622098178848599970e-01
-5.557098915745718043e-02
1.490824363715881062e-01
1.759003487786684611e-02
2.743208909058414760e-02
6.872718398761855016e-03
-3.493742229241399155e-02
1.099580139866404745e-02
-4.287416558991532373e-02
-1.164012570892437003e-02
-3.621936267844414609e-02
2.982948454336449909e-02
3.323011116245628421e-02
1.601689724205205070e-02
4.205216702584796233e-03
-3.578614479782406960e-02
-2.470573144557703868e-02
-4.524886877828039090e-03
-1.321886225275802247e-02
3.874796836809085362e-03
1.882752138657453915e-03
2.874656040334879967e-02
3.883238649702307199e-02
-6.882644779560132854e-03
2.412249475493477222e-02
-1.611261653662831098e-02
2.862960118293265271e-02
-8.610878724979112095e-03
-1.111042553815673600e-01
-2.271603384630111258e-02
-2.170548420120911939e-02
-2.144195735478943154e-02
2.654444818321739438e-02
-8.556376987163534162e-03
-2.171156088614589058e-02
-4.294468364934619226e-02
-7.036185033969724091e-03
-4.618650186890969032e-03
3.752568133214368579e-02
-1.332479363002881875e-02
-1.747512822373049890e-02
5.343378631231764792e-02
-2.505808581242992272e-02
1.103102948936201394e-02
7.003555513871922295e-03
