-1.388463551495680570e-01
7.969039333203607745e-03
-1.253408181721419601e-01
-1.244460830145314306e-01
-8.552978193594247547e-02
-1.287868311964758539e-01
-3.322291104633658121e-02
-1.842735358286083300e-02
4.524910999055611720e-03
4.861228349674304866e-02
-7.893710874009883527e-02
-1.856165015991605508e-02
-1.321767622166231289e-02
5.258060476915259185e-03
4.136296317128422551e-02
4.480311443608964161e-02
4.086928425147594995e-02
1.968958356523621209e-02
2.368289183977802942e-02
2.342649043882401652e-02
3.686823474330323813e-02
3.324388538555825279e-02
-1.217849214164192038e-03
-6.595568717689395330e-03
-9.917856166102746729e-02
-7.161899677523135554e-02
7.142439934182344408e-02
-1.034124536786161785e-01
9.992647348171635954e-03
-8.361452491376698826e-02
3.823267424992946029e-02
7.240777466074481417e-02
-1.120954319807686977e-02
-2.479501666673528115e-01
2.022066620266289860e-02
1.772773364865867229e-01
4.577518869743521512e-02
3.131904090980951183e-02
5.481588571151345401e-02
4.155966070046329826e-04
1.069615281597197966e-02
-1.194465770159183621e-01
2.579542263529621682e-02
4.155130452349103248e-02
3.791778385002122359e-02
9.127421454154631408e-02
1.386925663496424259e-02
-1.047002888674186533e-01
-1.634563376858974917e-02
-1.392524887321339340e-02
-1.938875307190388031e-02
1.456177464622594904e-02
4.157182474747407597e-02
-2.258975182342994603e-01
1.022834157217376166e-01
4.533191264434293516e-02
1.298804045665528928e-01
8.144455608851183803e-02
-6.438446664662793306e-02
1.782632130386591421e-02
-8.920652656781927073e-04
5.144478051409641373e-02
1.925379651053811189e-02
-5.250039661353130688e-02
-3.309951997773162048e-03
-5.872113772220352752e-03
-4.152164348911812491e-03
1.320241172549335880e-02
7.754352149878455784e-05
1.473173666145096046e-02
2.200417655342249736e-03
1.384838477363243246e-02
-4.316131631961181263e-03
-2.130477074018178717e-03
-1.102396213775780863e-02
-6.152985844105681758e-03
1.364560232445567386e-02
4.370982081583921729e-03
5.401209007505051833e-03
1.959897106282916870e-03
-6.663315894014218942e-03
7.714406841805319720e-04
-1.361941101613347270e-02
-8.916259050455560900e-03
3.482433425583609642e-03
-4.717744516211432385e-03
1.320231222698606439e-02
-5.115878154493925384e-03
9.347521374575959788e-03
3.786190939443560138e-02
1.229025728961835075e-02
5.207120631139430626e-03
8.829913593736591140e-03
-3.175421723638631975e-03
3.557933559782293538e-03
5.552141030462624414e-04
1.035348953762056656e-02
-5.574416168468563325e-03
7.020985626234575033e-03
4.549139198747947032e-04
-4.850528755956901895e-03
8.965111391592964218e-03
-2.607633418943639328e-02
1.585108061528284901e-02
-1.003480484017599175e-03
4.549602675221847648e-04
