4.805311988809654600e-01
1.075959447897578969e-01
5.989525140710079132e-01
2.658493637870581239e+00
3.125708913182973503e-01
3.701750059237606805e-01
-4.640104383247197761e-01
-1.082628744800709475e+00
2.533728307547863601e+00
-1.888834560585569422e+00
-7.211050679331600932e-01
-1.267589482817631064e+00
-9.330244584491105275e-01
-1.318592187004065386e-01
-2.130691987536295073e+00
-1.756724476337912400e+00
-2.103997492270635483e+00
-1.115185316860777709e+00
-1.126693024012914712e+00
-8.582760667227855578e-01
-1.546428089380444515e+00
-1.121444865465510921e+00
-1.339575015414754100e+00
-1.502717442853917840e+00
-2.588808544915040422e+00
-6.366783496113017637e-01
-3.723527220964315987e+00
-1.536032385006459444e+00
-3.860604483908282036e-01
-8.022769401257471289e-01
-3.213197218879360495e+00
-3.379637434725076606e+00
-5.223882669826678676e-02
-2.740233878317708260e+00
-1.362546618958810463e+00
-4.732991044436479555e+00
-1.770495295826472137e+00
-1.496885982745663091e+00
-4.106994023365051483e+00
2.533928437422543034e+00
-4.212222445160188400e+00
-4.020704617133311842e+00
-2.257067272222823551e+00
-2.897486314017866160e+00
-3.266442199683640357e+00
-4.089375100394764040e+00
-1.528331133230985683e+00
-4.060913678250623882e+00
-1.730466319817239640e+00
-3.921250395811286982e+00
-2.064534014759731306e+00
-2.988750299015642042e+00
-2.109754727524959517e+00
-2.990282484053829126e+00
-1.653295611694793887e+00
-1.012948975969212073e+00
-1.679465845355389897e+00
-1.062120500740340256e+00
-9.400295755847561940e-01
-1.232288037957213866e+00
-1.913874810007533345e+00
-3.531489044659466892e+00
-1.195710510728266396e+00
-4.075364460058038318e+00
-8.483270814651857616e-01
-1.573017359263484405e+00
-1.457257316953623150e+00
-1.327479483328213528e+00
-1.673729578346152769e+00
-1.529899878376002498e+00
-6.811683912942729791e-01
-1.557114534797644723e+00
-1.334032205040215358e+00
-1.026186044461618430e+00
-1.620293853120275518e+00
-9.322923616994451823e-01
-7.491245867228377708e-01
-1.320026774586198659e+00
2.533728307547864489e+00
-5.454456357282287948e-01
-7.129452621812362167e-01
-5.495428629013928701e-01
-1.421608799877679630e+00
-9.224842889092310649e-01
-9.171201407317123300e-01
-1.280976693360341701e+00
-1.359951622028014340e+00
-1.290104616881688981e+00
-7.298769315706348237e-01
-4.180498113626156531e+00
-1.060675054077101054e+00
-7.168887038306253068e-01
-1.043511340484125416e+00
-2.150309308195702762e+00
-1.186525404557554397e+00
-1.047420941207418688e+00
-1.739255893703755218e+00
-6.941607096077535566e-01
-1.450776067972360917e+00
-1.025063528684047265e+00
-6.250309064485263244e-01
-7.271108324200816764e-01
-8.366693739072864844e+00
-1.183139397523507830e+00
-5.935977544813204609e-01
-3.717782387610695682e+00
